-5.1025
6.4183
-4.0934
-1.2939
6.6605
-1.4902
4.7325
-2.0717
3.7658
-5.6445
4.3188
6.2686
-0.1843
-3.1798
5.9369
1.7272
3.727
1.8351
-6.2805
7.8446
1.8828
-4.3997
4.2839
1.4139
-2.6775
-3.2293
6.264
-11.3539
6.1324
-0.6841
-2.3551
1.3345
5.7538
0.2305
-5.7398
-0.119
0.9913
0.7595
8.4738
-5.3112
1.0071
1.3278
7.7493
-1.8727
-1.7325
1.1197
1.8316
2.4434
-0.1097
-0.9679
0.586
2.878
0.804
4.9189
4.5111
-2.2492
-5.8063
0.9024
-1.1938
-0.0557
4.761
3.7943
3.0089
2.9478
4.9756
-1.3364
2.1853
4.2895
0.7985
4.0804
-4.285
-8.5103
9.163
-3.9214
-1.5976
-6.9302
-5.1933
5.6532
2.6741
4.2205
-5.9304
-1.1035
5.9105
1.6726
-0.6258
4.3302
-2.4416
-3.0551
-9.0782
5.0207
0.3703
7.4278
-0.6723
4.9583
3.4504
-0.084
-6.1319
0.2274
2.635
6.6501
