5.6922
-9.0951
5.2994
-0.1567
6.1193
2.7776
-1.878
2.8331
0.8225
-2.9056
-4.9956
-2.2529
0.3346
-6.7254
4.7095
-1.7138
-2.0667
-0.8758
0.1223
-5.2296
-8.4684
-3.8619
-2.405
0.5162
0.6622
4.6311
10.3997
-0.3748
-2.9842
2.7434
7.9464
-6.4484
0.4809
3.2923
-0.1724
-4.8007
2.2056
-0.1449
1.2608
-5.9313
-4.4972
-6.5855
-0.4182
8.2251
6.229
-0.8054
7.2621
6.559
-2.5703
4.9372
-1.8812
-0.8014
4.7286
2.88
4.7045
-7.5764
6.4183
-4.4265
2.8358
1.9525
2.2081
1.5572
3.5753
-4.5961
3.6347
3.3276
-5.8092
-0.055
5.3997
-5.8481
-0.8804
-2.927
2.7365
-10.1115
5.3222
-0.8212
6.6706
3.1691
-3.9177
-1.8281
0.2325
-3.9165
-2.539
2.9499
4.5472
-0.5722
1.8142
2.2059
-4.0658
2.4817
-4.1381
-4.7295
-0.5512
-4.1574
3.1045
-1.9543
-7.9816
4.1733
6.0476
-3.3049
-3.6405
6.3049
-4.5676
6.0062
-1.8745
-1.8736
-0.1566
3.2426
4.6857
-3.1544
4.2396
-6.2889
1.8731
-7.2242
2.2464
-4.5361
0.7353
6.0685
-7.1423
-7.8538
-2.8275
-1.0201
3.1482
-1.5401
7.4808
-1.1026
-6.8106
1.45
-3.4373
5.6747
3.4526
-7.5069
6.07
-0.5982
2.2688
-9.2843
1.3698
3.8535
4.8789
3.6632
4.1134
3.1577
-3.2983
6.0781
-0.6181
7.7188
-6.9095
3.8607
1.8807
5.32
7.703
-2.9445
-0.935
7.2041
-7.3396
-0.8101
4.0038
4.9885
-1.1717
1.1893
4.2423
-1.0054
4.9782
-1.069
-0.5874
-4.4695
-6.7445
-0.5832
-2.7582
8.8114
1.1436
-7.8337
1.3455
3.0857
-3.8229
1.0669
2.6037
0.5086
2.9643
-1.8357
5.0372
1.6206
8.6273
-2.8356
2.8814
2.5226
2.4239
3.0509
-2.0622
3.7864
0.1552
-3.0308
4.4606
8.1221
2.5161
-2.2123
0.613
4.1665
-4.0988
-8.3631
1.6237
-5.8205
-1.6853
5.0242
1.6711
-0.9752
0.7582
-3.4533
2.3338
4.0968
3.0578
-0.5861
-2.2735
6.9709
2.704
5.5278
-3.0803
0.3759
3.2708
0.5708
-1.2553
-3.6763
-0.0031
3.0901
-2.9284
-1.0605
3.0946
7.14
-2.0433
1.9028
-0.7003
-0.7315
1.268
6.2033
3.9229
5.3924
1.281
1.1206
8.1158
-0.7141
1.0949
5.4476
3.8963
-0.8834
0.9745
0.608
-6.0522
8.2703
-2.8608
-7.6316
0.5105
8.9901
7.0328
1.4837
3.3716
-4.4813
-4.4932
-5.6065
-2.4868
0.0211
-1.5199
-1.1466
-0.1106
2.2167
4.1457
6.7823
1.2619
-5.7375
5.6416
2.7473
1.3359
-0.0961
5.357
-4.1649
-4.5236
-8.5751
-2.4991
-2.4812
4.5581
-4.3287
-3.6892
6.6567
2.4645
-0.5616
0.3518
-0.3785
-0.1069
-0.0135
-6.306
3.9884
-3.9723
7.0878
7.5284
5.7457
0.1292
4.9702
-5.9092
3.3248
4.2096
7.6665
